,longitude,latitude,housing_median_age,total_rooms,total_bedrooms,population,households,median_income,median_house_value
longitude,1.0,-0.9246644339150407,-0.10819681311244898,0.04456797771665634,0.06960802175407393,0.09977322287464686,0.055310092782396514,-0.01517586541417386,-0.045966615117978164
latitude,-0.9246644339150407,1.0,0.011172673530605592,-0.03609959585612309,-0.0669828347195009,-0.10878474737766726,-0.07103543319190746,-0.07980912745971902,-0.1441602768746601
housing_median_age,-0.10819681311244898,0.011172673530605592,1.0,-0.3612622012223128,-0.3204510417505995,-0.29624423977353576,-0.3029160093572148,-0.11903398993785731,0.10562341249320874
total_rooms,0.04456797771665634,-0.03609959585612309,-0.3612622012223128,1.0,0.9303795046865093,0.8571259728659788,0.9184844926543122,0.19804964508460965,0.13415311380656242
total_bedrooms,0.06960802175407393,-0.0669828347195009,-0.3204510417505995,0.9303795046865093,1.0,0.8777467431529329,0.9797282708045616,-0.0077228495110088355,0.04968618024734594
population,0.09977322287464686,-0.10878474737766726,-0.29624423977353576,0.8571259728659788,0.8777467431529329,1.0,0.9072222660959636,0.004834345627652976,-0.02464967888889502
households,0.055310092782396514,-0.07103543319190746,-0.3029160093572148,0.9184844926543122,0.9797282708045616,0.9072222660959636,1.0,0.01303305240070587,0.06584265057005653
median_income,-0.01517586541417386,-0.07980912745971902,-0.11903398993785731,0.19804964508460965,-0.0077228495110088355,0.004834345627652976,0.01303305240070587,1.0,0.6880752079585459
median_house_value,-0.045966615117978164,-0.1441602768746601,0.10562341249320874,0.13415311380656242,0.04968618024734594,-0.02464967888889502,0.06584265057005653,0.6880752079585459,1.0
